Mean error: 0.0041737375
Variance: 0.00046795444
nntbp.shape: (30, 95, 64, 128)
nnqbp.shape: (30, 95, 64, 128)
lhflx.shape: (1, 95, 64, 128)
shflx.shape: (1, 95, 64, 128)
ps.shape: (1, 95, 64, 128)
solin.shape: (1, 95, 64, 128)
newhum.shape: (30, 95, 64, 128)
oldhum.shape: (30, 95, 64, 128)
tphystnd.shape: (30, 95, 64, 128)
phq.shape: (30, 95, 64, 128)
nnInput.shape: (184, 94, 64, 128)
Mean relative humidity conversion error: 0.0041737375
Variance for relative humidity conversion error: 0.00046795444
nntbp.shape: (30, 95, 64, 128)
nnqbp.shape: (30, 95, 64, 128)
lhflx.shape: (1, 95, 64, 128)
shflx.shape: (1, 95, 64, 128)
ps.shape: (1, 95, 64, 128)
solin.shape: (1, 95, 64, 128)
newhum.shape: (30, 95, 64, 128)
oldhum.shape: (30, 95, 64, 128)
tphystnd.shape: (30, 95, 64, 128)
phq.shape: (30, 95, 64, 128)
nnInput.shape: (184, 94, 64, 128)
